2302110, 2237242: 2348729, 1239977
47903, 2473047: -432198, 2000000
2363579, 1547888: 2348729, 1239977
3619841, 520506: 2348729, 1239977
3941908, 3526118: 3772294, 3485243
3206, 1564595: -432198, 2000000
3123411, 3392077: 2977835, 3592946
3279053, 3984688: 2977835, 3592946
2968162, 3938490: 2977835, 3592946
1772120, 2862246: 2017966, 3158243
3283241, 2619168: 3172577, 2521434
2471642, 3890150: 2977835, 3592946
3163348, 3743489: 2977835, 3592946
2933313, 2919047: 3172577, 2521434
2780640, 3629927: 2977835, 3592946
3986978, 2079918: 3998497, 2812428
315464, 370694: -550536, 260566
3957316, 3968366: 3772294, 3485243
2118533, 1074658: 2348729, 1239977
3494855, 3378533: 3772294, 3485243
2575727, 210553: 2348729, 1239977
3999990, 2813525: 3998497, 2812428
3658837, 3026912: 3998497, 2812428
1551619, 1701155: 2348729, 1239977
2625855, 3330422: 2977835, 3592946
3476946, 2445098: 3172577, 2521434
2915568, 1714113: 2348729, 1239977
729668, 3723377: -997494, 3617758
3631681, 3801747: 3772294, 3485243
2270816, 3197807: 2017966, 3158243
3999999, 2810929: 3998497, 2812428
3978805, 3296024: 3772294, 3485243
1054910, 811769: 2348729, 1239977